0
0
0
0
0
0
0
0
0
0
0
0
0
0
0
0
0
0
0
0
0
0
0
0
0
0
0
0
0
0
0
0
0
0
0
0
0
0
0
0
0
0
0
0
0
0
0
0
0
0
0
0
0
0
0
0
0
0
0
0
0
0
0
0
0
0
0
0
0
0
0
0
0
0
0
0
0
0
0
0
0
0
0
0
0
0
0
0
0
0
0
0
0
0
0
0
0
0
0
0
0
0
0
0
0
0
0
0
0
0
0
0
0
0
0
0
0
0
0
0
0
0
0
0
0
0
0
0
0
0
0
0
0
0
0
0
0
0
0
0
0
0
0
0
0
0
0
0
0
0
0
0
0
0
0
0
0
0
0
0
0
0
0
0
0
0
0
0
0
0
0
0
1
1
1
1
1
1
1
1
1
1
1
1
1
1
1
1
1
1
1
1
1
1
1
1
1
1
1
1
1
1
1
1
1
1
1
1
1
1
1
1
1
1
1
1
1
1
1
78
78
78
78
78
78
78
78
78
78
78
78
78
78
78
78
78
78
78
78
78
78
78
78
78
78
78
78
78
78
78
78
78
78
2
2
79
79
79
79
79
79
79
79
79
79
79
79
79
79
79
79
79
79
79
79
104
104
104
104
104
104
104
104
104
104
3
3
3
3
3
3
3
3
3
3
3
3
3
3
3
3
3
3
3
3
3
3
3
3
3
3
3
3
3
3
3
3
3
3
3
3
3
3
3
3
3
3
3
3
3
3
3
3
3
3
3
3
3
3
3
3
3
3
3
3
3
3
3
3
80
80
80
80
80
80
80
80
80
80
80
80
80
80
80
80
80
80
80
80
80
80
80
80
80
80
80
80
80
80
80
80
80
80
80
80
80
80
80
105
105
105
105
105
105
105
105
105
105
105
105
4
4
4
4
4
4
4
4
4
4
4
4
4
4
4
4
4
4
4
4
4
4
4
4
4
4
4
4
81
109
81
81
81
81
81
81
81
81
81
81
81
81
81
81
81
81
81
81
81
81
81
81
81
81
81
81
81
81
81
81
81
81
81
81
81
81
81
81
81
81
81
81
81
81
81
81
81
81
81
81
81
81
81
81
81
81
81
81
81
81
81
106
106
106
106
106
106
106
106
106
106
106
106
106
106
106
106
106
106
106
106
106
106
106
106
106
106
106
106
106
106
106
106
106
106
114
114
114
114
114
114
114
114
114
114
114
114
114
114
114
114
5
5
5
5
5
5
5
5
5
5
5
5
5
5
5
5
5
5
5
5
5
5
5
5
5
5
5
5
5
5
5
5
82
82
82
82
82
82
82
82
82
82
82
82
82
82
82
82
82
82
82
82
82
82
82
82
82
82
82
82
82
82
82
82
107
107
107
115
115
115
115
115
115
115
115
115
115
115
115
115
115
115
123
123
123
123
123
123
123
123
123
123
123
123
123
123
123
123
123
123
123
123
123
123
123
123
123
123
123
123
123
123
123
123
123
123
123
123
123
123
123
123
123
123
123
123
123
123
123
123
123
123
123
123
123
123
123
123
123
123
123
123
123
123
123
123
123
123
123
123
123
6
6
6
6
6
6
6
6
6
6
6
6
6
83
83
83
83
83
83
83
83
83
83
83
83
83
83
83
83
108
108
108
108
108
108
108
108
108
108
108
108
108
108
116
116
116
116
116
116
116
116
116
116
116
116
116
116
116
116
116
116
116
116
116
116
116
116
116
116
116
116
116
116
116
116
116
116
116
116
116
116
124
124
126
126
126
126
7
7
7
7
7
7
7
7
7
7
7
7
7
7
7
7
7
7
7
7
7
7
7
7
7
7
7
7
7
7
7
7
7
7
7
7
7
7
7
7
7
7
7
7
7
7
7
7
7
7
7
7
7
7
7
7
7
7
7
7
7
7
84
84
84
84
84
84
84
84
84
84
84
84
84
84
84
84
84
84
84
84
84
84
84
84
109
109
109
109
109
109
109
109
109
109
109
109
109
109
109
109
109
109
109
109
109
109
109
109
109
109
109
109
109
109
109
109
109
117
117
117
117
117
117
117
117
117
117
117
117
117
117
117
117
117
117
117
117
117
117
117
117
117
117
117
117
117
117
117
117
117
117
125
125
125
125
125
127
127
127
127
127
138
138
138
138
138
138
138
138
138
138
8
8
8
8
8
8
8
8
8
8
8
8
8
8
8
8
8
8
85
85
85
85
85
85
85
85
85
85
85
85
85
85
85
85
85
85
85
85
85
85
85
85
85
85
85
85
85
85
85
85
110
110
110
110
110
110
110
110
110
110
110
110
110
110
110
110
110
110
110
110
110
110
118
118
118
118
118
118
118
118
118
118
118
118
118
118
118
118
118
118
118
118
118
118
118
118
118
128
128
139
139
139
139
139
139
139
9
9
9
9
9
9
9
9
9
9
9
9
9
9
9
9
9
9
9
9
9
9
9
9
9
9
9
9
9
9
9
9
9
9
9
9
9
86
86
86
86
86
86
86
86
86
86
86
86
86
86
86
86
86
86
86
86
86
86
86
86
86
86
86
86
86
86
86
86
86
86
86
86
86
86
86
86
111
111
111
111
111
111
111
111
111
111
111
111
111
111
111
111
111
111
111
111
111
111
111
111
119
119
119
119
119
119
119
119
119
119
119
119
119
119
119
119
119
119
119
119
129
129
129
129
129
129
129
140
140
10
10
10
10
10
10
10
10
10
10
10
10
10
10
10
10
10
10
10
10
10
10
10
10
10
10
10
10
10
10
10
87
87
87
87
87
87
87
87
87
11
87
87
87
87
87
87
87
87
87
87
87
87
87
87
87
87
112
112
112
112
112
112
112
112
112
112
112
112
112
112
112
112
112
112
112
112
112
112
112
112
112
112
112
112
112
112
112
112
112
112
112
112
112
112
112
112
112
112
120
120
120
120
120
120
120
120
120
120
120
120
120
120
120
120
120
120
120
120
120
120
120
120
120
120
120
120
120
130
130
141
141
141
11
11
11
11
11
11
11
11
11
11
11
11
11
11
11
11
11
11
11
11
11
11
11
11
11
11
11
11
11
11
11
11
88
88
88
88
88
88
88
88
88
88
88
88
88
88
88
88
88
88
88
88
88
88
88
88
88
88
88
88
88
88
88
88
88
88
88
113
113
113
113
113
113
113
113
113
113
113
113
113
113
113
113
113
113
113
113
113
113
113
121
121
121
121
121
121
121
121
131
131
131
142
149
149
149
149
149
149
149
149
12
12
12
12
12
12
12
12
12
12
12
12
12
12
12
12
12
12
12
12
12
12
12
12
12
12
12
12
12
12
12
12
12
12
12
89
89
89
89
89
89
89
89
89
89
89
89
89
89
89
89
89
89
89
89
89
89
89
89
89
89
89
89
89
89
89
89
89
89
89
89
89
89
89
89
89
89
89
89
89
89
89
89
89
89
89
89
89
89
89
89
89
122
132
132
132
143
150
13
13
13
13
13
13
13
13
13
13
13
13
13
13
13
13
13
13
13
13
13
13
13
13
13
13
90
90
90
90
90
90
90
90
90
90
90
90
14
90
90
90
90
90
90
90
90
90
90
90
90
90
90
90
90
90
90
90
90
90
90
90
90
90
90
133
133
133
144
144
144
151
151
151
151
151
151
151
151
151
151
151
151
151
151
151
151
151
151
151
151
151
151
151
151
151
151
151
151
151
151
151
151
151
151
151
151
151
151
151
151
151
151
151
151
151
151
151
151
151
151
151
151
151
151
151
151
151
151
151
151
151
151
151
151
151
151
151
151
151
151
151
151
151
151
151
151
151
151
151
151
151
151
151
151
151
14
14
14
14
14
14
14
14
14
14
14
14
14
14
14
14
14
14
14
14
14
14
14
14
14
14
14
14
14
14
14
14
14
91
91
91
91
91
91
91
91
91
91
91
91
91
91
91
91
91
91
91
91
134
145
145
152
152
152
152
175
175
175
175
175
175
175
175
175
175
175
175
175
175
175
15
15
15
15
15
15
15
15
15
15
15
15
15
15
15
15
15
15
15
15
15
15
15
15
15
15
15
15
15
15
15
15
15
15
15
15
15
15
177
15
15
15
15
15
92
92
92
92
92
92
92
92
92
92
92
92
92
92
92
92
92
92
92
92
92
92
92
92
92
92
92
92
92
92
92
92
92
92
92
135
135
135
146
146
146
146
146
146
153
153
153
153
153
176
176
176
176
176
176
176
176
176
176
176
176
176
176
176
176
187
16
93
93
93
93
93
93
93
93
93
93
93
93
93
93
93
93
93
93
93
93
93
93
93
93
93
93
93
93
93
93
136
136
136
136
136
136
147
154
154
154
177
177
177
177
177
177
177
177
177
177
177
177
177
177
177
177
177
177
177
177
177
177
177
188
188
188
188
188
188
17
17
17
17
17
17
17
17
17
17
17
17
17
17
17
17
17
17
17
17
17
17
17
17
17
17
17
17
94
94
94
94
94
94
94
94
94
94
94
94
94
94
94
94
94
137
137
148
148
155
155
155
155
155
155
155
155
178
178
178
178
178
178
178
178
178
178
178
178
178
178
178
178
178
178
178
178
178
189
18
18
18
18
18
18
18
18
18
18
18
18
18
18
18
18
18
18
18
18
18
18
18
18
18
18
18
18
18
18
18
18
18
18
18
18
18
18
18
18
18
18
18
18
18
18
18
18
18
95
95
95
95
95
95
95
95
95
95
95
95
95
95
95
95
95
95
95
95
95
95
95
95
156
179
179
179
179
179
179
179
179
179
179
179
179
179
179
179
179
179
179
179
179
179
179
179
179
179
179
179
190
190
19
19
19
19
19
19
19
19
19
96
96
96
96
96
96
96
96
96
96
96
96
96
96
96
96
96
96
96
96
96
96
96
157
157
157
157
157
157
157
157
157
157
157
157
157
180
180
180
180
180
180
180
180
180
180
180
180
180
180
180
180
180
180
180
180
180
180
180
180
180
180
180
180
180
180
180
180
180
180
191
20
20
20
20
20
20
20
20
20
20
20
20
20
20
20
20
20
20
20
20
20
20
20
97
97
97
97
97
97
97
97
97
97
97
97
97
97
97
97
97
97
158
158
181
181
181
181
181
181
181
181
181
181
192
192
21
21
21
21
21
21
21
21
21
21
21
21
21
21
98
98
98
98
98
98
98
98
98
98
98
98
98
98
98
98
98
98
98
98
98
98
98
98
98
98
98
98
98
98
98
98
159
159
182
182
182
182
182
182
182
182
182
182
182
182
182
182
193
193
193
193
193
193
193
193
193
193
193
193
193
193
193
193
193
193
193
193
193
193
193
22
22
22
22
22
22
22
22
22
22
22
22
22
22
22
22
22
22
22
22
22
22
22
22
22
22
22
22
22
22
22
99
99
99
99
99
99
99
99
99
99
99
99
99
99
99
99
99
99
99
99
99
99
99
160
160
160
183
183
183
183
183
183
183
183
183
183
183
183
183
194
194
194
194
194
194
194
194
194
194
194
194
194
194
194
194
194
194
194
194
194
194
194
194
194
194
194
194
194
194
194
199
23
23
23
23
23
23
23
23
23
23
23
23
23
23
23
23
23
23
23
23
23
23
100
100
100
100
100
100
100
100
100
100
100
100
100
100
100
100
100
100
100
100
100
100
100
100
161
161
161
161
161
184
184
184
184
184
184
184
184
184
184
184
184
184
184
184
184
195
195
195
195
195
195
195
195
195
195
195
195
195
195
195
195
195
195
195
195
195
195
195
195
195
195
195
195
200
200
200
200
200
200
200
200
200
200
200
200
200
200
200
200
200
200
200
200
200
200
200
200
24
24
24
24
24
24
24
24
24
24
24
24
24
24
24
24
24
24
24
24
24
24
24
24
24
24
24
101
101
101
101
101
101
101
101
101
101
101
101
101
101
101
101
101
101
101
101
101
101
101
101
162
162
162
162
185
185
185
185
185
185
185
185
185
196
196
196
196
196
196
196
196
196
196
196
196
196
196
196
196
196
196
196
201
201
201
201
201
201
201
201
201
201
201
201
201
211
25
25
25
25
25
25
25
25
25
25
25
25
25
25
25
25
25
25
25
25
25
25
25
25
25
25
25
25
25
25
25
102
102
102
102
102
102
102
102
102
102
102
102
102
102
102
102
102
102
102
102
102
102
102
102
102
102
102
163
163
163
163
163
163
163
163
163
163
163
186
186
186
186
186
186
186
186
186
186
186
186
186
186
186
186
186
186
186
186
186
186
186
186
186
186
186
186
186
186
186
186
186
186
186
186
186
186
186
186
186
186
186
186
186
186
186
186
197
197
197
197
197
197
197
197
197
197
197
197
197
197
197
197
197
197
197
197
197
197
197
197
197
197
197
197
197
202
212
26
26
26
26
26
26
26
26
26
26
26
26
26
26
26
26
26
26
26
26
26
26
26
26
26
26
26
26
26
26
26
26
26
26
26
26
26
26
26
26
26
26
103
103
103
103
103
103
103
103
103
103
103
103
103
103
164
164
164
164
198
198
198
198
198
198
198
198
198
198
198
198
198
198
198
198
198
198
198
198
198
198
198
203
203
203
203
203
203
203
203
203
203
203
203
203
203
203
203
213
213
213
213
213
213
213
213
213
27
27
27
27
27
27
27
27
27
27
27
27
27
27
27
27
27
27
27
27
27
27
27
27
27
27
27
27
27
27
27
27
27
165
165
204
204
204
204
204
204
204
204
204
204
204
204
204
204
204
204
204
204
204
204
204
204
204
214
214
214
214
214
214
214
214
214
214
214
214
214
214
214
214
214
214
214
214
214
214
214
214
214
214
214
214
214
214
214
214
214
214
214
214
242
242
242
242
242
28
28
28
28
28
28
28
28
28
28
28
28
28
28
28
28
28
28
28
28
28
28
28
28
28
166
166
166
166
166
166
166
205
205
205
205
205
205
205
205
205
205
205
205
205
205
205
205
205
205
205
205
205
205
205
205
205
205
205
205
215
215
215
215
215
215
215
215
243
243
243
243
243
243
250
250
250
250
250
250
250
250
250
250
29
29
29
29
29
29
29
29
29
29
29
29
29
29
29
29
29
29
29
29
29
29
29
29
29
29
29
29
29
29
29
29
29
29
29
29
29
29
29
29
29
29
29
29
29
29
29
29
29
29
29
29
29
29
29
29
29
29
29
29
167
206
206
206
206
206
206
206
206
206
206
206
206
206
206
206
206
206
206
206
206
206
206
216
216
216
216
216
216
216
244
244
244
251
251
251
251
251
251
251
253
253
253
30
30
30
30
30
30
30
30
30
30
30
30
30
30
30
30
30
30
30
30
30
30
30
30
30
30
30
30
30
30
30
30
30
30
30
30
30
30
30
30
30
30
30
30
30
30
30
30
30
30
30
30
30
30
30
30
30
30
30
30
30
30
30
30
30
30
30
30
30
30
168
168
168
168
207
207
207
207
207
207
207
207
207
207
207
217
217
217
217
217
217
217
217
217
217
217
217
217
217
217
245
245
245
245
245
245
245
245
245
245
252
252
252
252
252
252
252
252
252
254
254
254
31
31
31
31
31
31
31
31
31
31
31
31
31
31
31
31
31
31
31
31
31
169
169
208
208
208
208
208
208
208
208
208
208
208
208
208
208
208
208
208
208
208
208
208
218
218
218
218
218
218
218
218
218
218
218
218
218
218
218
218
246
255
255
275
32
32
32
32
32
32
32
32
32
32
32
32
32
32
32
32
32
32
32
32
32
32
32
32
32
32
32
32
170
170
170
170
170
209
209
209
209
209
209
209
209
209
209
209
209
209
209
209
209
219
219
219
219
219
219
219
219
219
219
219
219
247
256
256
256
276
33
33
33
33
33
33
33
33
33
33
33
33
33
33
33
171
171
171
171
171
210
210
210
210
210
210
210
210
210
210
210
210
210
210
210
210
210
210
210
210
210
210
210
210
210
210
210
210
220
220
220
220
220
220
248
257
257
257
277
277
34
34
34
34
34
34
34
34
34
34
34
34
34
34
34
34
34
34
34
34
34
34
172
221
221
221
221
221
221
221
221
221
221
221
221
221
221
249
249
249
249
249
249
249
258
258
258
258
258
278
35
35
35
35
35
35
35
35
35
35
35
35
35
35
35
35
173
173
173
173
222
222
222
222
222
222
222
259
279
36
36
36
36
36
36
36
36
36
36
36
36
36
36
36
36
36
36
36
36
36
36
36
36
174
174
174
223
223
260
260
280
37
37
37
37
37
37
37
37
37
37
37
37
37
37
37
37
37
37
37
37
37
37
37
37
37
37
37
37
224
224
224
224
224
224
224
224
224
224
224
224
261
281
281
38
38
38
38
38
38
38
38
38
38
38
38
38
38
38
38
38
38
38
38
38
38
38
38
38
38
38
38
38
38
38
38
38
38
38
38
38
38
38
38
38
38
38
38
38
38
38
38
38
38
38
38
38
38
38
38
38
38
38
38
38
38
38
38
38
38
225
225
262
262
262
282
282
39
39
39
39
39
39
39
39
39
39
39
39
39
39
39
39
39
39
39
39
39
39
39
39
226
226
226
226
226
226
226
226
226
226
226
226
226
263
283
283
283
283
283
283
283
283
283
283
283
283
283
283
283
283
283
283
283
283
283
283
283
283
283
283
283
283
283
283
283
283
283
283
283
283
283
283
283
283
283
283
283
283
283
283
283
283
283
283
283
283
299
299
299
40
40
40
40
40
40
40
40
40
40
40
40
40
40
40
40
40
40
40
40
40
40
40
40
40
40
40
40
40
40
40
40
40
227
227
227
227
227
227
227
227
227
227
227
227
227
227
227
227
227
227
227
227
227
264
264
264
264
264
284
284
284
284
284
284
284
284
284
284
284
284
284
284
284
284
284
284
284
284
284
284
284
284
284
284
284
284
284
284
284
284
284
284
300
300
300
300
300
322
41
41
41
41
41
41
41
41
41
41
41
41
41
41
41
41
41
41
41
41
41
41
41
41
41
41
41
41
41
41
41
228
228
228
228
228
228
228
228
228
265
265
285
285
285
285
285
285
285
285
285
285
285
285
285
285
285
285
285
285
285
285
285
285
285
285
285
285
285
285
285
285
285
285
285
285
285
285
285
285
285
285
285
285
285
285
285
285
285
285
301
323
323
323
323
323
345
42
42
42
42
42
42
42
42
42
42
42
42
42
42
42
42
42
42
42
42
42
42
42
42
42
42
42
42
42
42
42
42
42
42
42
42
42
42
42
229
229
229
229
229
229
229
229
229
266
266
266
266
286
286
286
286
286
286
286
286
286
286
286
286
286
286
286
286
286
286
286
286
302
302
302
302
302
302
302
302
302
302
324
324
346
346
346
43
43
43
43
43
43
43
43
43
43
43
43
43
43
43
43
43
43
43
43
43
43
43
230
230
230
230
230
230
230
230
230
267
267
267
267
267
267
267
267
267
267
267
267
267
267
267
267
267
267
267
267
267
267
267
267
267
267
267
267
267
267
287
287
287
287
287
287
287
287
287
287
287
287
287
287
287
287
287
287
287
287
287
287
287
287
287
287
287
287
287
287
303
325
325
325
347
347
352
352
44
44
44
44
44
44
44
44
44
44
44
44
44
44
44
44
44
44
44
44
44
44
234
44
44
44
44
44
44
44
44
44
44
231
231
231
231
231
231
231
231
268
268
288
288
288
288
288
288
288
288
288
288
288
288
288
288
288
288
288
288
288
288
288
288
288
288
288
288
288
288
288
288
288
288
288
288
288
288
288
288
288
288
288
288
288
288
288
288
288
288
288
288
288
288
288
288
288
288
288
288
288
288
288
288
288
288
288
288
288
288
288
288
288
288
288
288
288
288
288
288
288
288
288
288
304
304
326
326
348
348
353
45
45
45
45
45
45
45
45
45
45
45
45
45
45
45
45
45
45
45
45
45
45
45
45
45
45
45
45
45
45
45
45
45
45
45
45
45
45
45
45
45
45
45
45
45
232
232
232
232
269
269
269
269
289
289
289
289
289
289
289
289
289
289
289
289
289
289
289
289
289
289
289
289
289
289
289
289
289
289
289
289
289
289
289
289
289
289
289
289
289
289
289
289
289
289
289
305
305
305
327
327
327
327
327
327
327
327
349
349
354
359
46
46
46
46
46
46
46
46
46
46
46
46
46
46
46
46
46
46
46
46
46
46
46
46
46
46
46
46
46
46
46
46
46
46
46
46
46
46
46
46
46
233
233
233
233
233
233
233
233
233
233
233
270
290
290
290
290
290
290
290
290
290
290
290
290
290
290
290
290
290
290
290
290
290
290
290
290
290
290
290
290
290
290
290
290
290
306
328
328
350
355
360
47
47
47
47
47
47
47
47
47
47
47
47
47
47
47
47
47
47
47
47
47
47
47
47
47
47
234
234
234
234
234
234
234
234
234
234
234
234
234
234
234
234
234
234
234
234
234
234
234
234
234
234
234
234
234
234
234
234
234
234
234
234
234
234
234
234
234
234
234
234
234
234
234
234
234
234
234
234
234
234
234
234
234
234
234
234
234
234
234
234
234
234
271
291
291
291
291
291
291
291
291
291
291
291
291
291
291
291
291
291
291
291
291
291
291
291
291
291
291
307
307
307
307
307
307
329
351
356
361
48
48
48
48
48
48
48
48
48
48
48
48
48
48
48
48
48
48
48
48
48
48
48
48
48
48
48
48
48
48
48
48
48
48
48
293
48
48
48
48
48
48
48
48
48
48
48
48
48
48
48
48
48
48
48
48
48
48
48
48
48
48
235
235
235
235
235
235
235
235
235
235
272
272
272
272
272
272
272
272
272
292
308
330
357
362
49
49
49
49
49
49
49
49
49
49
49
49
49
49
49
49
49
49
49
49
49
49
49
49
49
49
49
49
49
49
236
236
236
236
236
236
273
273
273
273
273
273
273
273
273
273
273
273
273
273
273
293
293
293
293
293
293
293
293
293
293
293
293
293
293
293
293
293
293
293
293
293
293
293
309
309
309
331
331
331
331
331
358
363
364
50
50
50
50
50
50
50
50
50
50
50
50
50
50
50
50
50
50
50
50
50
50
50
50
50
50
50
50
50
50
50
50
50
50
50
50
50
237
237
237
237
237
237
237
237
237
237
237
237
237
237
237
237
237
237
237
237
237
237
237
237
274
274
294
294
294
294
294
294
294
294
294
294
294
294
294
294
294
294
294
294
294
294
310
310
332
332
332
365
375
375
51
51
51
51
51
51
51
51
51
51
51
51
51
51
51
51
51
51
51
51
51
51
51
51
51
51
51
51
51
51
51
51
51
51
51
51
51
51
51
51
238
238
238
238
238
238
238
238
238
238
238
238
238
238
295
295
295
295
295
295
295
295
295
295
295
295
295
295
295
295
311
333
333
333
366
376
52
52
52
52
52
52
52
52
52
52
52
52
52
52
52
52
52
52
52
52
52
52
52
52
52
52
52
52
52
52
52
52
52
52
52
52
52
52
52
52
52
52
52
239
239
239
239
296
296
296
296
296
296
296
296
296
296
296
296
296
296
296
312
312
334
334
334
367
377
377
377
377
377
377
377
377
377
377
377
377
377
377
377
377
377
377
377
377
377
377
377
377
377
377
377
377
377
377
377
377
377
377
377
377
377
377
377
377
377
377
377
377
377
377
377
377
377
377
377
377
377
377
377
377
377
377
377
377
377
377
377
377
377
377
377
377
377
377
377
377
377
377
377
377
377
377
377
377
377
377
377
377
377
377
377
377
377
377
377
377
377
377
377
377
377
377
377
377
377
377
377
377
377
377
377
377
377
377
377
377
377
377
377
377
377
377
377
377
377
377
377
377
377
377
377
377
377
377
377
377
377
377
377
377
377
377
377
377
377
377
377
377
377
377
377
377
377
377
377
377
377
377
377
377
377
377
377
377
377
377
377
377
377
377
377
377
377
377
377
377
377
377
377
377
377
377
377
377
377
377
377
377
377
377
377
377
377
377
377
377
377
377
377
377
377
377
377
377
377
377
377
377
377
377
377
377
377
377
377
377
377
377
377
377
377
377
377
377
377
377
377
377
377
377
377
377
377
377
377
377
377
377
377
377
377
377
377
377
377
377
377
377
377
377
377
377
377
377
377
377
377
377
377
377
377
377
377
377
377
377
377
377
377
377
377
377
377
377
377
377
377
377
377
377
377
377
377
377
377
377
377
377
377
377
377
377
377
377
377
377
377
377
377
377
377
377
377
377
377
377
377
377
377
377
377
377
377
377
377
377
377
377
377
377
377
377
377
377
377
377
377
377
377
377
377
377
377
377
377
377
377
377
377
377
377
377
377
377
377
377
377
377
377
377
377
377
377
377
377
377
377
377
377
377
377
377
377
377
377
377
377
377
377
377
377
377
377
377
377
377
377
377
377
377
377
377
377
377
377
377
377
377
377
377
377
377
377
377
377
377
377
377
377
377
377
377
377
377
377
377
377
377
377
377
377
377
377
377
377
377
377
377
377
377
377
377
377
377
377
53
53
53
53
53
53
53
53
53
53
53
53
53
53
53
53
53
53
53
53
53
53
53
53
53
53
53
53
240
240
240
240
240
240
240
240
240
240
240
240
240
240
297
297
297
297
297
297
297
297
297
297
297
297
313
313
313
313
313
313
335
335
335
368
368
378
378
378
378
378
378
378
378
378
378
378
378
378
378
378
378
378
378
378
378
378
378
378
378
378
378
378
378
378
378
378
378
378
378
378
378
378
378
378
378
378
378
378
378
378
378
378
378
378
378
378
378
378
378
378
378
378
378
378
378
378
378
378
378
378
378
378
378
378
378
378
378
378
378
378
378
378
378
378
378
378
378
378
378
378
378
378
378
378
378
378
378
378
378
378
378
378
378
378
378
378
378
378
378
378
378
378
378
378
378
378
378
378
378
378
378
378
378
378
378
378
378
378
378
378
378
378
378
378
378
378
378
378
378
378
378
378
378
378
378
378
378
378
378
378
378
378
378
378
378
378
378
378
378
378
378
378
378
378
378
378
378
378
378
378
378
378
378
378
378
378
378
378
378
378
378
378
378
378
378
378
378
378
378
378
378
378
378
378
378
378
378
378
378
378
378
378
378
378
378
378
378
378
378
378
378
378
378
378
378
378
378
378
378
378
378
378
378
378
378
378
378
378
378
378
378
378
378
378
378
378
378
378
378
378
378
378
378
378
378
378
378
378
378
378
378
378
378
378
378
378
378
378
378
378
378
378
378
378
378
378
378
378
378
378
378
378
378
378
378
378
378
378
378
378
378
378
378
378
378
378
378
378
378
378
378
378
378
378
378
378
378
378
378
378
378
378
378
378
378
378
378
378
378
378
378
378
378
378
378
378
378
378
378
378
378
378
378
378
378
378
378
378
378
378
378
378
378
378
378
378
378
378
378
378
378
378
378
378
378
378
378
378
378
378
378
378
378
378
378
378
378
378
378
378
378
378
378
378
378
378
378
378
378
378
378
378
378
378
378
378
378
378
378
378
378
378
378
378
378
378
378
393
54
54
54
54
54
54
54
54
54
54
54
54
54
54
54
54
54
54
54
54
54
54
54
54
54
54
54
54
54
54
54
54
54
54
54
54
54
54
54
54
54
54
54
54
54
54
54
54
54
54
54
54
54
54
54
54
54
54
54
54
54
54
54
54
54
54
54
54
54
54
54
54
241
241
298
298
298
298
298
298
298
298
298
298
314
314
314
314
314
314
314
314
314
314
314
314
336
336
336
336
336
369
369
369
369
369
369
369
379
394
394
394
394
394
394
55
55
55
55
55
55
55
55
55
315
315
315
315
337
337
337
370
380
380
380
380
380
380
380
380
380
380
380
380
380
380
380
380
380
380
380
380
380
380
380
380
380
380
380
380
380
380
380
380
380
380
380
380
380
380
380
380
380
380
380
380
380
380
380
380
380
380
380
380
380
380
380
380
380
380
380
380
380
380
380
380
380
380
380
380
380
380
380
380
380
380
380
380
395
56
56
56
56
56
56
56
56
56
56
56
56
56
56
56
56
56
56
56
56
56
56
56
56
56
56
56
56
56
316
316
316
338
371
381
381
396
57
57
57
57
57
57
57
57
57
57
57
57
57
57
57
57
57
57
57
57
57
57
57
57
57
57
57
57
57
57
57
57
57
57
57
57
57
57
57
317
317
339
339
339
339
339
339
372
382
397
58
58
58
58
58
58
58
58
58
58
58
58
58
58
58
58
58
58
58
58
58
58
318
318
318
318
340
373
373
373
383
383
383
383
383
383
383
383
383
383
383
383
383
383
383
383
383
383
383
383
383
383
383
383
383
383
383
383
383
383
383
383
383
383
383
383
383
383
383
383
383
383
383
383
383
383
383
383
383
383
383
383
383
383
383
383
383
383
383
383
383
383
383
383
383
383
383
383
383
383
383
383
383
383
383
383
383
383
383
383
383
383
383
383
383
383
383
383
383
383
383
383
383
383
383
383
383
383
383
383
383
383
383
383
383
383
383
383
383
383
383
383
383
383
383
383
383
383
383
383
383
383
383
383
383
383
383
383
383
383
383
383
383
383
383
383
383
383
383
383
383
383
383
383
383
383
383
383
383
383
383
383
383
383
383
383
383
383
383
383
383
383
383
383
383
383
383
383
383
383
383
383
383
383
383
383
383
383
383
383
383
383
383
383
383
383
383
383
383
383
383
383
383
383
383
383
383
383
383
383
398
59
59
59
59
59
59
59
59
59
59
59
59
59
59
59
59
59
59
59
59
59
59
59
59
59
59
59
59
59
59
59
59
59
59
59
59
59
59
59
59
59
59
59
59
59
59
319
319
319
319
341
341
374
384
384
384
384
384
384
384
384
384
384
384
384
384
384
384
384
384
384
384
384
384
384
384
384
384
384
384
384
384
384
384
384
384
384
384
384
384
384
384
384
384
384
384
384
384
384
384
384
384
384
384
384
384
384
384
384
384
384
399
399
399
399
399
399
399
399
60
60
60
60
60
60
60
60
60
60
60
60
60
60
60
60
60
60
60
60
60
60
60
60
60
60
60
60
60
60
60
60
60
60
60
60
60
60
60
60
60
60
60
320
320
320
320
320
320
342
342
342
400
400
400
400
400
400
400
400
400
450
450
450
61
61
61
61
61
61
61
61
61
61
61
61
61
61
61
61
61
61
61
61
61
321
343
343
343
343
386
386
386
386
386
386
386
386
386
386
386
386
386
386
386
386
386
386
386
386
386
386
386
386
386
386
386
386
386
386
386
386
386
386
386
386
386
386
386
386
386
386
386
386
386
386
386
386
386
386
386
386
386
386
386
386
386
386
386
386
386
386
386
386
386
386
386
386
386
386
386
386
386
386
386
386
386
386
386
386
386
386
386
386
386
386
386
386
386
386
386
386
386
386
386
386
386
386
386
386
386
386
386
386
386
386
386
386
386
386
386
386
386
386
386
386
386
386
386
386
386
386
386
386
386
386
386
386
386
386
386
386
386
386
386
386
386
386
386
386
386
386
386
386
386
386
386
386
386
386
386
386
386
386
386
386
386
386
386
386
386
386
386
386
386
386
386
386
386
386
386
386
386
386
386
386
386
386
386
386
386
386
386
386
386
386
386
386
386
386
386
386
386
386
386
386
386
386
386
386
386
386
386
386
386
386
386
386
386
386
386
386
386
386
386
386
386
386
386
386
386
386
386
386
386
386
386
386
386
386
386
386
386
386
386
386
386
386
386
386
386
386
386
386
386
386
386
386
386
386
386
386
386
386
386
386
386
386
386
386
386
386
386
386
386
386
386
386
386
386
386
386
386
386
386
386
386
386
386
386
386
386
386
386
386
386
386
386
386
386
386
386
386
386
386
386
386
386
386
386
386
386
386
386
386
386
386
386
386
386
386
386
386
386
386
386
386
386
386
386
386
386
386
386
386
386
386
386
386
386
386
386
386
386
386
386
386
386
401
401
401
401
401
401
401
401
401
451
451
451
451
451
451
451
451
451
451
451
451
451
451
451
451
451
451
451
451
451
451
451
451
451
451
451
451
451
451
451
451
451
451
451
451
451
451
451
451
451
451
451
451
451
451
451
451
451
451
451
451
451
451
451
451
451
451
451
451
451
451
451
452
452
452
452
452
452
452
452
452
452
452
452
452
452
452
452
452
452
452
452
452
452
452
452
452
452
452
452
452
452
452
62
62
62
62
62
62
62
62
62
62
62
62
62
344
344
344
344
344
387
387
387
387
387
387
387
387
387
387
387
387
387
387
387
387
387
387
387
387
387
387
387
387
387
387
387
387
387
387
387
387
387
387
387
387
387
387
387
387
387
387
387
387
387
387
387
387
387
387
387
387
387
387
387
387
387
387
387
387
387
387
387
387
387
387
387
387
387
387
387
387
387
387
387
387
387
387
387
387
387
387
387
387
387
387
387
387
387
387
387
387
387
387
387
387
387
387
387
387
387
387
387
387
387
387
387
387
387
387
387
387
387
387
387
387
387
387
387
387
387
387
387
387
387
387
387
387
387
387
387
387
387
387
387
387
387
387
387
387
387
387
387
387
387
387
387
387
387
387
387
387
387
387
387
387
387
387
387
387
387
387
387
387
387
387
387
387
387
387
387
387
387
387
387
387
387
387
387
387
387
387
387
387
387
387
387
387
387
387
387
387
387
387
387
387
387
387
387
387
387
387
387
387
387
387
387
387
387
387
387
387
387
387
387
387
387
387
387
387
387
387
402
402
402
402
402
453
453
453
453
453
453
453
453
453
468
63
63
63
63
63
63
63
63
63
63
63
63
63
63
63
63
63
63
63
63
63
63
63
63
63
63
63
63
63
63
63
388
388
388
388
388
388
388
388
388
388
388
388
388
388
388
388
388
388
388
388
388
388
388
388
388
388
388
388
388
388
388
388
388
388
388
388
388
388
388
388
388
388
388
388
388
388
388
388
403
403
403
403
403
403
403
454
454
454
454
454
454
454
454
454
454
454
454
454
454
469
64
64
64
64
64
64
64
64
64
64
64
64
64
64
64
64
64
64
64
64
64
64
64
64
64
64
64
64
64
64
64
64
64
64
64
64
64
64
64
64
64
64
64
64
64
64
64
64
64
64
64
64
64
64
64
64
64
64
64
64
64
64
64
64
64
389
389
389
389
389
389
389
389
389
389
389
389
389
389
389
389
389
389
389
389
389
389
389
389
389
389
389
389
389
389
389
389
389
389
389
389
389
389
389
389
389
389
389
389
389
389
389
389
389
389
389
389
389
389
389
389
389
389
389
389
389
389
389
389
389
389
389
389
389
389
389
389
389
389
389
389
389
389
389
389
389
389
389
389
389
389
389
389
389
389
389
404
404
404
404
404
404
404
404
404
404
404
404
404
404
404
404
404
404
404
404
404
404
404
404
404
404
404
404
404
455
455
455
455
455
455
455
455
455
455
455
455
455
455
455
455
455
455
455
455
455
470
65
65
65
65
65
65
65
65
65
65
65
65
65
65
65
65
65
65
65
65
65
65
65
65
65
65
65
390
390
390
390
390
390
390
390
390
390
390
390
390
390
390
390
390
390
390
390
390
390
390
390
390
390
390
390
390
390
390
390
390
390
390
390
390
390
390
390
390
390
390
390
390
390
390
390
390
390
390
390
390
390
390
390
390
390
390
390
390
390
405
405
405
405
405
405
456
456
456
456
456
456
456
456
456
456
456
456
456
456
456
456
456
456
456
456
456
456
456
456
456
456
456
456
456
456
456
456
456
471
66
66
66
66
66
66
66
66
66
66
66
66
66
66
66
66
66
66
66
66
66
66
66
66
66
66
391
391
391
391
391
391
391
391
391
391
391
391
391
391
391
391
391
391
391
391
391
391
391
391
391
391
391
391
391
391
391
391
391
391
391
391
391
391
391
391
391
391
391
391
391
391
391
391
391
391
391
391
391
391
391
391
391
391
391
391
391
391
391
391
391
391
391
391
391
391
391
391
391
391
391
391
391
391
391
391
391
391
391
391
391
391
391
391
391
391
391
391
391
391
391
391
391
391
406
406
406
406
457
472
479
479
479
67
67
67
67
67
67
67
67
67
392
392
392
392
392
392
392
392
392
392
392
392
392
392
392
392
392
392
392
392
392
392
392
392
392
392
392
392
392
392
392
392
392
392
392
392
392
392
392
392
392
392
392
392
392
392
392
392
392
392
392
392
392
392
392
392
392
392
392
392
392
392
392
392
392
392
392
392
392
392
392
392
392
392
392
392
392
392
392
407
407
458
458
458
458
458
458
458
458
458
458
458
458
458
458
458
458
458
458
458
458
458
458
458
458
458
458
458
458
458
473
480
480
68
68
68
68
68
68
68
68
68
68
68
68
68
68
68
68
68
68
68
68
68
68
68
68
68
68
68
68
68
68
68
68
408
408
408
408
408
408
408
408
408
459
459
459
459
459
459
459
459
459
459
459
459
459
459
459
459
459
459
459
459
459
459
459
474
481
481
69
69
69
409
409
409
409
409
460
460
460
460
460
460
460
460
460
460
460
460
460
460
460
460
460
460
460
460
460
460
460
460
460
460
460
460
460
460
460
460
460
475
482
482
70
70
70
70
70
70
70
70
70
70
70
70
70
70
70
70
70
70
70
70
70
70
70
70
70
70
70
70
70
70
70
70
70
70
70
70
70
70
70
70
410
410
410
410
410
461
461
461
461
461
461
461
461
461
461
461
476
483
483
483
490
490
490
490
490
71
71
71
71
71
71
71
71
71
71
71
71
411
411
462
462
462
462
462
462
462
462
462
462
462
462
462
462
462
462
462
462
462
462
462
462
462
462
462
477
477
484
491
491
512
72
72
72
72
72
72
72
72
72
72
72
72
72
72
72
72
72
72
72
72
72
72
72
72
72
72
72
72
72
72
72
72
72
72
72
72
72
72
72
412
412
412
463
463
463
463
463
463
478
478
485
485
485
485
485
485
485
485
485
485
492
492
492
513
73
73
73
73
73
73
73
73
73
73
73
73
73
73
73
73
73
73
73
73
73
73
73
73
413
413
413
413
413
413
413
464
464
464
464
464
464
464
464
464
464
464
464
464
486
486
486
486
486
486
486
486
486
486
493
493
493
493
493
493
514
74
74
74
414
414
414
414
414
414
414
414
465
465
465
465
465
465
465
465
465
465
465
465
465
465
465
465
465
465
465
465
487
487
487
487
487
487
487
487
487
487
487
487
487
494
494
515
517
517
75
75
75
75
75
75
75
75
75
75
75
415
415
466
466
466
466
466
466
466
466
466
466
466
466
466
466
466
488
488
488
488
488
488
488
488
488
488
488
488
488
488
488
495
516
518
529
529
529
76
76
76
76
76
76
76
76
76
76
76
76
76
76
76
76
76
76
76
76
76
416
416
416
416
416
416
416
416
416
416
467
467
467
467
467
467
467
467
467
467
467
467
467
467
467
467
467
467
467
467
467
467
467
467
467
467
467
467
467
467
467
467
467
467
489
489
489
489
489
489
489
489
489
489
489
489
489
489
489
489
489
496
496
496
519
530
530
530
530
530
555
555
77
417
417
497
497
497
497
520
531
531
556
566
566
566
566
566
566
566
566
566
566
566
566
566
566
418
418
418
418
498
498
498
498
498
498
498
521
532
532
532
532
532
532
532
532
532
532
532
532
532
557
567
567
567
567
567
618
618
618
618
618
618
618
618
618
618
618
618
618
419
419
419
419
419
419
419
419
419
499
499
522
533
533
533
533
533
533
533
533
558
558
568
568
568
568
568
568
568
619
619
619
619
718
718
420
420
500
500
523
534
534
534
534
534
534
534
534
534
534
534
559
559
569
569
569
569
569
569
569
569
569
569
569
569
569
569
569
569
569
569
569
569
569
569
569
569
569
569
569
569
569
569
569
569
569
569
620
620
620
620
620
620
620
620
719
421
421
421
421
421
421
421
501
524
524
535
535
535
535
535
535
560
570
570
570
570
570
570
570
570
570
570
570
570
570
570
570
570
570
570
570
570
570
570
570
570
621
621
621
621
621
621
621
621
621
621
621
720
720
720
720
720
720
720
720
720
720
720
720
720
720
720
720
422
422
422
422
422
422
422
502
502
502
502
502
502
525
536
536
536
536
536
536
561
561
571
571
571
571
571
571
571
571
571
571
622
622
622
622
622
721
721
721
721
721
721
721
721
721
721
721
721
721
721
721
739
423
423
423
423
423
423
423
503
503
526
526
537
537
537
537
537
537
537
537
537
562
572
572
623
623
623
623
623
623
623
623
623
722
722
722
722
722
722
722
722
722
722
722
740
424
424
424
424
424
504
504
527
538
563
563
563
573
573
573
573
573
624
624
624
624
624
624
624
723
723
723
723
723
723
723
723
723
723
723
723
723
723
723
723
723
723
723
723
723
723
723
723
723
723
723
723
723
723
723
723
723
741
744
744
744
744
744
744
744
744
744
744
744
744
744
744
744
744
744
744
744
744
744
744
744
744
744
744
744
744
744
744
744
744
744
744
744
744
744
425
425
425
425
425
425
425
425
505
528
528
539
539
539
539
539
539
539
564
574
574
574
574
574
574
574
574
574
574
574
574
574
574
574
574
574
574
574
574
574
574
574
574
574
574
574
574
574
574
574
574
574
574
574
574
574
574
574
574
574
574
574
625
625
625
625
625
625
625
625
625
625
625
625
625
625
625
625
625
724
724
724
724
724
724
724
724
724
724
742
745
745
745
745
745
745
745
745
745
745
745
745
745
745
745
745
745
745
745
745
745
745
745
745
745
745
745
745
745
745
745
745
745
745
745
757
426
426
426
426
426
426
426
426
506
506
506
506
540
565
575
575
575
575
575
575
575
575
626
626
626
626
725
725
725
725
725
725
725
725
725
725
725
725
725
725
725
743
746
746
746
746
746
746
746
746
746
746
746
746
746
746
746
746
746
758
758
758
427
427
427
427
507
541
541
541
541
576
576
627
627
627
627
627
627
627
627
627
627
627
726
726
726
726
726
726
726
726
726
726
726
726
726
726
726
726
726
747
747
747
747
747
747
759
759
759
763
763
763
428
428
508
542
542
577
577
577
577
577
577
577
577
577
577
577
577
577
577
577
628
628
628
628
628
727
727
748
748
748
748
760
760
760
760
764
764
764
765
765
765
765
765
765
765
765
765
429
429
429
429
429
429
429
509
509
509
509
509
543
543
543
543
578
578
578
578
578
578
578
578
578
578
578
578
578
578
578
578
578
629
629
629
629
629
629
629
629
629
629
629
629
728
728
728
728
728
728
728
728
728
728
728
749
749
749
761
766
766
766
766
766
430
430
430
430
430
430
430
430
430
510
510
544
544
544
544
544
544
579
579
579
579
579
579
579
579
579
579
579
579
630
630
630
630
630
630
729
729
729
729
729
729
729
729
729
729
729
729
729
729
729
750
750
750
750
750
750
750
750
750
750
762
767
767
767
767
767
767
767
767
767
767
767
767
767
767
767
767
767
796
796
431
431
511
545
545
545
545
545
545
545
580
631
631
631
631
631
631
631
631
631
631
631
631
631
631
730
730
730
730
730
730
730
730
730
730
751
768
768
768
768
768
768
768
768
797
797
797
797
797
797
797
815
432
432
432
432
432
432
546
546
546
546
546
581
581
581
581
581
581
581
632
632
632
632
632
632
632
632
632
632
632
632
632
632
632
632
632
632
632
632
632
632
632
632
632
632
632
632
632
632
632
632
632
632
731
731
731
731
731
731
731
731
731
731
731
731
731
731
731
731
731
731
752
752
752
752
752
752
752
752
752
752
752
752
752
752
752
752
752
752
752
752
752
752
752
752
752
752
752
752
752
752
752
752
752
752
752
752
752
752
752
752
752
752
752
752
752
752
752
752
752
752
752
752
752
752
752
752
752
752
752
752
752
752
752
752
752
752
752
752
752
752
752
752
752
752
752
752
752
752
752
752
752
752
752
769
769
769
769
798
798
798
816
816
816
433
433
547
547
547
582
582
582
582
582
582
582
582
582
582
582
582
582
633
633
633
633
633
633
633
633
633
633
633
633
633
633
633
633
633
633
633
633
633
633
633
633
732
732
732
732
732
732
732
732
732
732
732
732
732
732
732
732
753
753
753
753
753
753
753
770
770
770
770
770
770
799
817
434
434
548
548
583
583
583
583
634
634
634
634
634
634
634
634
634
634
634
733
733
733
733
733
754
754
754
754
754
754
754
754
754
754
754
754
754
754
754
754
754
754
754
754
754
754
754
754
754
754
754
754
754
754
771
771
771
771
771
771
771
771
771
771
771
771
771
771
771
771
771
800
800
818
818
818
818
435
435
435
435
435
549
549
584
584
584
584
584
584
584
584
584
584
584
584
584
584
584
584
584
584
584
584
584
584
584
584
584
584
584
635
635
635
635
635
635
734
734
734
734
734
734
734
734
734
734
734
734
755
755
755
755
755
755
755
755
755
755
755
772
772
801
801
819
819
819
819
825
825
436
436
436
436
550
550
550
550
550
550
550
550
585
585
585
585
585
585
585
585
585
585
585
585
585
636
636
636
636
636
636
636
636
636
735
735
735
735
735
735
735
735
735
756
756
756
756
773
773
773
773
802
802
802
820
820
826
826
826
437
437
437
437
437
551
551
551
586
586
637
637
637
637
637
637
637
637
637
637
637
637
637
736
736
736
736
736
736
736
736
736
736
736
736
736
774
774
774
774
774
774
803
803
821
821
821
821
827
827
827
827
827
841
438
438
438
438
438
438
438
552
552
552
587
587
587
587
587
587
587
587
587
587
587
638
638
638
638
638
638
638
638
737
737
737
737
737
737
737
775
775
775
775
775
775
775
804
804
804
804
804
804
822
822
822
822
822
822
828
828
828
828
828
842
843
439
553
553
553
553
553
588
588
588
588
588
588
588
588
588
639
639
639
639
639
639
738
738
738
738
738
738
738
738
738
738
738
738
738
738
738
738
776
776
776
776
776
776
776
776
776
776
776
776
776
776
776
776
805
805
823
823
823
829
829
844
844
844
844
844
844
844
844
844
844
844
440
440
440
440
554
554
554
554
554
589
589
589
589
589
640
640
640
640
640
640
640
640
777
777
777
777
806
806
806
806
806
824
824
824
824
824
824
824
824
824
830
830
830
830
830
845
845
845
845
845
845
845
845
845
845
845
845
845
845
845
845
845
845
845
845
845
845
845
845
845
845
845
845
849
441
441
441
441
590
590
590
590
590
590
590
590
590
590
590
590
590
590
590
641
641
641
641
641
641
641
641
641
778
778
778
778
778
807
807
831
831
846
846
846
846
846
846
850
850
850
850
850
850
850
850
850
850
850
850
850
850
850
850
850
850
850
850
850
850
850
850
850
850
850
850
850
850
850
850
850
850
850
850
850
850
850
850
850
850
850
850
850
850
850
850
850
850
850
850
850
850
850
850
850
442
442
442
442
591
591
591
591
591
591
591
591
591
642
642
642
642
642
642
642
779
779
779
779
779
808
808
832
832
847
847
847
847
847
847
847
847
847
847
847
847
847
847
847
847
847
847
847
847
847
851
443
443
443
443
443
592
592
592
643
643
643
643
643
643
643
780
780
780
780
780
780
780
780
780
780
780
780
780
809
809
833
833
833
833
833
833
833
833
833
833
833
833
833
833
833
833
848
848
848
848
848
848
848
852
444
444
593
593
593
593
593
593
593
593
593
593
593
593
593
593
593
644
644
644
644
644
644
644
644
644
644
644
781
781
781
810
810
834
853
853
445
445
445
445
445
445
445
445
445
445
445
445
445
445
445
445
445
445
445
445
445
445
445
445
445
445
445
445
445
445
445
445
445
445
445
445
445
445
445
445
445
445
445
445
445
445
445
445
445
445
445
445
445
445
594
594
645
645
782
782
782
782
782
782
782
782
782
782
782
782
782
811
811
835
835
835
854
446
446
446
446
446
595
595
595
595
595
595
595
595
595
595
646
646
646
646
646
646
646
646
646
646
783
783
783
783
783
783
783
783
783
783
812
812
812
812
836
836
855
856
856
856
856
856
856
856
856
856
856
856
856
856
856
856
856
856
856
856
856
856
856
856
856
856
856
856
856
856
856
856
856
856
856
856
856
856
856
856
856
856
856
856
856
856
856
856
856
856
856
856
856
856
856
856
856
856
856
856
856
856
856
856
856
856
856
856
856
856
856
856
856
856
856
856
856
856
856
856
856
856
447
447
447
596
596
596
596
647
647
647
647
784
784
784
784
784
784
784
784
784
784
784
784
784
784
813
813
813
813
837
837
837
837
837
857
448
448
448
597
597
597
597
597
597
597
597
597
597
597
597
597
597
597
597
597
597
597
597
597
597
597
597
597
597
597
597
597
597
597
597
597
597
597
648
648
648
648
648
648
648
648
785
814
838
838
858
863
863
863
863
449
449
449
449
598
598
598
598
598
598
598
598
598
598
598
598
598
598
598
598
598
598
598
649
649
786
786
786
839
839
839
839
839
839
839
839
839
859
864
864
864
864
864
867
599
650
650
650
650
650
650
650
650
650
650
650
650
650
650
650
650
650
650
650
650
650
650
650
650
650
650
650
650
650
650
650
650
787
787
787
840
840
840
840
840
840
840
860
865
865
865
865
865
865
865
865
865
865
865
865
865
865
865
865
865
865
865
865
865
865
865
865
865
868
600
600
600
600
600
600
600
600
600
600
600
600
600
600
600
600
600
600
600
600
600
600
600
600
600
600
651
651
651
651
651
651
788
788
788
788
788
788
788
788
788
788
788
788
788
788
788
788
861
866
866
866
866
869
869
869
869
869
869
601
601
601
601
601
601
601
601
601
601
601
601
601
601
601
652
652
652
652
652
652
652
652
789
789
789
789
789
789
789
789
789
789
789
789
789
862
870
602
602
602
602
653
653
653
653
653
653
653
653
790
790
790
790
790
790
790
790
871
894
603
603
654
654
654
791
872
872
895
604
604
604
604
655
655
655
655
655
655
655
792
792
792
792
792
792
792
873
896
896
896
605
605
605
656
656
656
656
656
656
656
656
656
656
656
793
793
793
793
793
793
793
793
793
793
793
793
793
793
793
793
793
793
793
793
793
793
793
793
793
793
874
897
606
606
606
606
606
606
606
606
606
606
606
606
606
606
606
606
606
606
606
606
606
606
606
606
606
606
606
657
657
657
657
657
657
657
657
657
657
657
657
657
657
657
657
657
657
657
657
657
657
657
657
657
794
794
875
898
898
898
898
898
898
898
898
898
898
898
898
898
898
898
898
898
898
898
898
898
898
898
898
898
898
898
898
898
898
898
898
898
898
898
898
898
898
898
898
607
607
607
658
658
658
658
658
658
795
795
795
795
795
795
795
795
795
795
795
795
795
795
795
795
876
876
899
608
608
608
608
608
608
608
608
608
659
659
659
877
900
900
609
660
660
660
878
878
901
901
901
901
932
932
932
932
610
610
610
610
610
610
610
610
610
610
610
610
610
610
610
610
610
610
610
610
610
610
610
610
610
610
661
661
661
879
902
902
933
933
933
933
933
933
933
933
933
933
933
933
933
933
933
933
933
933
933
933
933
933
933
933
933
933
933
933
933
933
933
933
933
933
933
933
933
933
933
933
933
933
933
933
933
933
933
933
933
933
933
933
933
933
933
933
933
933
933
933
933
611
611
611
662
662
662
662
662
662
662
662
662
880
903
903
903
934
934
934
934
934
934
934
612
612
612
612
612
612
663
663
663
663
663
663
663
663
663
663
663
663
663
663
663
663
663
663
663
663
663
663
663
663
663
663
663
663
663
663
663
663
663
663
881
904
904
904
904
904
935
935
935
613
613
613
613
613
613
613
613
613
613
613
613
613
613
613
613
613
613
613
613
613
613
613
613
613
613
613
664
664
664
664
664
664
664
664
664
664
664
882
905
905
905
936
614
614
614
614
614
614
665
665
883
906
906
906
906
937
938
938
615
615
615
615
615
615
615
615
615
615
615
615
666
666
666
666
666
666
666
666
666
884
907
907
907
907
907
939
939
939
939
939
939
616
667
667
667
667
667
667
667
667
667
667
885
908
908
908
908
908
908
908
908
908
908
908
908
908
908
908
908
908
908
908
940
940
940
617
617
617
617
617
617
617
617
617
617
617
617
668
668
668
668
668
668
668
668
668
886
909
909
909
909
941
941
941
669
669
669
669
669
669
887
910
910
910
910
910
910
910
910
910
910
942
670
670
670
670
670
888
911
911
911
943
943
943
943
943
671
671
671
671
889
912
912
912
912
912
912
912
944
944
672
672
890
913
913
913
913
913
945
945
945
945
945
945
945
945
945
945
945
945
945
945
945
945
945
945
945
945
945
673
673
673
673
673
673
891
914
914
914
914
914
914
914
914
914
914
914
914
914
914
914
914
914
914
914
914
914
946
946
946
946
946
946
946
946
946
946
957
957
674
674
892
892
915
915
915
915
947
947
947
947
947
947
947
947
947
947
947
947
947
947
947
947
947
947
947
947
947
958
958
961
961
675
675
675
675
675
675
675
893
916
916
916
916
948
948
948
948
948
948
948
948
948
948
948
948
948
948
948
948
948
948
948
948
948
948
948
948
948
948
948
948
948
948
948
948
948
948
948
959
959
962
962
975
676
676
676
676
676
676
917
949
949
949
949
949
949
949
960
963
963
976
976
976
976
976
976
976
976
976
976
976
976
976
976
976
976
976
976
976
976
976
976
976
976
976
976
677
677
677
677
677
677
677
677
677
677
677
677
677
918
950
950
950
950
950
950
950
950
950
950
950
950
950
950
950
950
950
950
950
950
950
950
950
950
950
950
950
950
950
950
964
977
977
977
977
977
977
996
678
678
678
678
919
919
919
919
919
919
951
951
951
951
951
951
951
951
951
951
951
951
951
951
951
951
951
951
951
951
951
951
951
951
951
951
951
951
951
951
965
965
978
978
978
978
978
978
978
978
978
978
978
978
978
978
978
997
679
679
920
920
920
920
920
952
952
952
952
952
952
952
952
952
952
952
952
952
952
952
952
952
952
952
952
952
952
952
952
952
952
952
952
952
952
952
966
979
979
979
979
979
979
979
979
979
979
979
979
979
979
979
979
979
998
999
999
999
680
680
680
680
680
680
680
921
921
921
953
953
953
953
953
953
953
953
953
953
953
953
953
967
980
980
980
980
980
980
980
980
980
1000
1000
1000
681
681
922
922
954
954
954
954
954
954
954
954
954
954
954
954
954
954
954
954
954
954
954
954
954
954
954
954
954
968
981
981
981
981
981
981
981
981
981
981
981
981
981
981
981
981
981
981
1001
682
682
682
682
682
682
682
923
923
955
955
955
955
955
955
955
955
955
955
955
955
955
955
955
955
969
982
982
982
982
982
982
982
982
982
982
982
982
982
982
982
982
1002
1002
1006
1006
683
683
683
924
924
924
924
956
956
956
956
956
956
956
956
956
956
956
956
956
956
956
956
956
956
956
956
956
956
956
956
956
956
956
956
956
956
956
956
956
956
956
956
956
956
956
956
956
970
970
983
1003
1007
684
684
684
684
925
925
971
984
984
984
984
984
984
984
984
984
1004
1008
1012
685
685
685
685
685
926
926
926
926
926
972
985
985
985
985
985
985
985
985
985
985
985
985
985
985
985
985
985
985
985
985
985
985
985
1005
1005
1005
1005
1005
1005
1005
1005
1009
1013
1013
1013
1035
686
927
927
927
927
927
927
927
927
927
927
927
927
973
973
973
986
986
986
986
986
986
986
986
986
986
986
1010
1010
1014
1036
1036
1036
1036
1036
1036
1036
1036
687
687
687
928
928
928
928
928
974
987
987
987
987
987
987
987
987
987
987
987
987
987
987
987
987
987
987
987
987
987
987
1011
1011
1011
1011
1015
1037
1037
1037
1037
1037
1037
1037
1037
1037
1037
1096
1096
1096
1096
1096
1096
1096
1096
1096
1096
1096
1096
1096
1096
1096
1096
1096
1096
1096
1096
1096
1096
1096
688
688
688
929
929
929
929
929
929
988
988
988
988
988
988
988
988
988
1016
1016
1038
1038
1038
1038
1038
1038
1097
1097
1097
1097
1097
1097
1117
1117
1117
1117
1117
1117
1117
1117
1117
1117
1117
1117
1117
1117
1117
689
689
689
930
930
930
930
930
930
930
930
930
989
989
989
989
989
989
989
989
989
989
989
989
1017
1039
1039
1039
1039
1039
1039
1098
1098
1098
1098
1118
690
690
690
690
690
690
690
690
690
690
690
931
931
990
990
990
990
990
990
990
1018
1018
1018
1018
1040
1040
1040
1040
1099
1099
1099
1099
1099
1099
1099
1099
1099
1099
1099
1099
1099
1099
1119
691
691
691
691
691
691
691
691
691
691
991
991
991
991
991
991
991
991
991
991
1019
1041
1041
1041
1100
1120
1120
1120
1120
1120
1120
1120
1120
1120
1120
1120
692
692
692
692
692
692
692
692
692
692
992
992
992
992
992
992
992
992
992
992
1020
1020
1020
1020
1042
1042
1042
1042
1042
1042
1042
1042
1042
1101
1101
1101
1101
1101
1101
1121
1121
1121
1121
1121
1121
1121
1121
1162
1162
1162
1162
1162
1162
1162
1162
1162
1162
1162
1162
1162
1162
1162
1162
1162
1162
1162
1162
1162
1162
1162
1162
1162
1162
1162
1162
1162
1162
1162
693
693
693
693
993
993
993
993
993
993
993
993
993
993
1021
1021
1021
1043
1043
1102
1102
1102
1102
1102
1102
1122
1122
1122
1122
1122
1122
1163
1163
1163
1163
1163
1163
1163
1163
1163
1163
1163
1163
1163
1163
1163
1163
1163
1163
1163
1163
1163
1163
1163
1163
1215
694
694
694
694
994
994
994
994
994
994
994
994
1022
1022
1044
1044
1044
1044
1044
1044
1044
1044
1044
1044
1044
1044
1044
1103
1103
1103
1103
1103
1123
1123
1123
1123
1123
1123
1123
1123
1164
1216
1221
1221
695
695
995
995
995
995
995
995
995
995
995
1023
1023
1045
1045
1045
1104
1104
1104
1104
1104
1104
1104
1104
1104
1104
1104
1104
1104
1104
1104
1104
1104
1104
1104
1104
1104
1104
1104
1104
1104
1104
1104
1104
1104
1104
1104
1124
1124
1124
1124
1124
1124
1124
1124
1124
1165
1165
1165
1165
1165
1165
1165
1165
1165
1165
1165
1165
1165
1165
1165
1165
1165
1165
1165
1165
1165
1165
1165
1165
1165
1165
1165
1165
1165
1165
1165
1165
1165
1165
1165
1217
1222
696
696
696
696
1024
1024
1024
1024
1024
1024
1024
1024
1024
1024
1024
1024
1024
1024
1024
1024
1024
1024
1024
1024
1024
1024
1046
1046
1046
1046
1046
1046
1105
1105
1105
1105
1105
1125
1125
1125
1125
1166
1166
1166
1166
1166
1166
1166
1166
1166
1166
1166
1166
1166
1218
1223
1225
697
697
697
697
697
697
697
1025
1047
1047
1106
1106
1106
1106
1106
1106
1106
1106
1106
1106
1106
1106
1106
1106
1106
1106
1106
1106
1106
1106
1106
1126
1126
1126
1126
1167
1167
1167
1167
1167
1167
1167
1167
1167
1167
1167
1167
1167
1167
1167
1167
1167
1167
1167
1167
1167
1167
1167
1167
1167
1167
1167
1167
1167
1167
1167
1167
1167
1167
1167
1167
1167
1167
1167
1167
1167
1167
1167
1167
1167
1167
1167
1167
1167
1167
1167
1167
1167
1167
1167
1167
1167
1167
1167
1167
1167
1167
1167
1167
1167
1167
1167
1167
1167
1167
1167
1167
1167
1167
1167
1167
1167
1167
1167
1167
1167
1167
1167
1167
1167
1167
1167
1167
1167
1167
1167
1167
1167
1167
1167
1167
1167
1167
1167
1167
1167
1167
1167
1167
1167
1167
1167
1167
1167
1167
1167
1167
1167
1167
1167
1167
1167
1167
1167
1167
1167
1167
1167
1167
1167
1167
1167
1167
1167
1167
1167
1167
1167
1167
1167
1167
1167
1167
1167
1167
1167
1167
1167
1167
1167
1167
1167
1167
1167
1167
1167
1167
1167
1167
1167
1167
1167
1167
1167
1167
1167
1167
1167
1167
1167
1167
1167
1167
1167
1167
1167
1167
1167
1167
1167
1167
1167
1167
1167
1167
1167
1167
1167
1167
1167
1167
1167
1167
1167
1167
1167
1167
1167
1167
1167
1167
1167
1167
1167
1167
1167
1167
1167
1167
1167
1167
1167
1167
1167
1167
1167
1167
1219
1224
1224
1226
1226
1226
1226
1226
1226
698
698
698
698
698
1026
1048
1048
1048
1048
1048
1048
1048
1048
1048
1048
1048
1048
1048
1048
1048
1048
1048
1107
1107
1107
1107
1107
1107
1107
1107
1107
1107
1107
1107
1107
1107
1107
1107
1107
1107
1107
1107
1107
1107
1107
1107
1107
1107
1107
1107
1107
1107
1107
1107
1107
1107
1107
1107
1107
1107
1107
1107
1107
1107
1107
1107
1107
1107
1107
1107
1107
1107
1107
1107
1107
1107
1107
1107
1127
1127
1127
1127
1168
1168
1168
1168
1168
1168
1168
1168
1168
1168
1168
1168
1168
1168
1168
1168
1168
1168
1168
1168
1168
1168
1168
1168
1168
1168
1168
1168
1168
1168
1168
1168
1168
1168
1168
1168
1168
1168
1168
1168
1220
1227
699
699
699
699
699
699
699
699
699
1027
1049
1049
1049
1049
1049
1049
1049
1049
1049
1108
1108
1108
1108
1108
1108
1108
1108
1108
1108
1128
1128
1128
1128
1128
1128
1128
1128
1128
1169
1169
1169
1169
1169
1169
1169
1169
1169
1169
1169
1169
1169
1169
1169
1169
1169
1169
1169
1169
1169
1169
1169
1169
1169
1169
1169
1169
1169
1169
1169
1169
1169
1169
1169
1169
1169
1169
1169
1169
1169
1169
1169
1169
1169
1169
1169
1169
1169
1169
1169
1169
1169
1169
1169
1169
1169
1169
1169
1169
1169
1169
1169
1169
1169
1228
700
700
700
700
1028
1050
1050
1050
1109
1129
1170
1170
1170
1170
1170
1170
1170
1170
1170
1170
1170
1170
1229
701
701
1029
1029
1051
1110
1110
1130
1130
1130
1130
1171
1230
702
702
702
702
702
702
702
702
702
702
1030
1030
1052
1052
1052
1052
1052
1052
1052
1052
1052
1052
1052
1052
1052
1052
1052
1052
1052
1052
1052
1052
1052
1052
1111
1111
1111
1111
1111
1111
1111
1111
1111
1111
1111
1111
1111
1111
1111
1111
1111
1111
1111
1111
1111
1111
1111
1131
1131
1131
1131
1131
1172
1172
1172
1172
1172
1172
1172
1172
1172
1172
1172
1172
1172
1172
1172
1172
1172
1172
1172
1172
1172
1172
1172
1172
1172
1172
1172
1172
1172
1172
1172
1172
1172
1172
1172
1172
1172
1172
1172
1172
1172
1172
1172
1172
1172
1172
1172
1172
1172
1172
1172
1172
1172
1172
1172
1172
1172
1172
1172
1172
1172
1172
1172
1172
1172
1172
1172
1172
1172
1172
1172
1172
1172
1172
1172
1172
1172
1172
1172
1172
1172
1172
1172
1172
1172
1172
1172
1172
1172
1172
1172
1172
1172
1172
1172
1172
1172
1172
1172
1172
1172
1172
1172
1172
1172
1172
1172
1172
1172
1172
1172
1172
1172
1172
1231
703
703
703
703
703
1031
1053
1053
1112
1112
1112
1112
1112
1112
1112
1112
1112
1112
1112
1112
1112
1112
1112
1112
1112
1112
1112
1112
1112
1112
1112
1132
1132
1132
1132
1132
1132
1132
1132
1173
1173
1173
1173
1173
1173
1173
1173
1173
1173
1173
1173
1173
1173
1173
1173
1173
1173
1173
1173
1173
1173
1173
1173
1173
1173
1173
1173
1173
1173
1173
1173
1173
1173
1173
1173
1173
1173
1173
1173
1173
1232
704
1032
1032
1054
1054
1113
1113
1113
1113
1113
1113
1113
1113
1113
1113
1113
1113
1113
1113
1113
1113
1113
1113
1113
1113
1113
1113
1133
1133
1133
1133
1133
1133
1174
1174
1174
1174
1174
1174
1174
1174
1174
1174
1174
1174
1233
705
705
705
705
705
705
705
705
1033
1033
1055
1055
1055
1114
1114
1114
1114
1114
1134
1134
1134
1134
1134
1134
1134
1134
1134
1134
1134
1175
1175
1175
1175
1175
1175
1175
1175
1175
1175
1234
706
706
706
706
706
706
706
1034
1034
1056
1056
1056
1056
1056
1056
1056
1056
1056
1056
1056
1056
1056
1056
1056
1056
1056
1056
1056
1056
1056
1115
1115
1115
1115
1135
1135
1135
1135
1135
1176
1176
1176
1176
1176
1176
1176
1176
1176
1176
1176
1176
1176
1176
1176
1176
1176
1176
1176
1176
1176
1176
1176
1176
1176
1176
1176
1176
1176
1176
1176
1176
1176
1176
1176
1176
1176
1176
1176
1176
1176
1176
1176
1176
1176
1176
1176
1176
1176
1176
1176
1176
1176
1176
1176
1176
1176
1176
1176
1176
1235
707
707
707
707
707
707
707
1057
1116
1116
1116
1116
1116
1116
1116
1116
1116
1136
1136
1136
1136
1136
1136
1177
1177
1177
1177
1177
1177
1177
1177
1177
1177
1177
1177
1177
1177
1177
1177
1177
1177
1177
1177
1177
1236
1236
1236
1236
1236
1236
1236
708
708
708
708
708
708
708
708
708
708
708
1058
1058
1058
1137
1137
1137
1137
1137
1178
1178
1178
1178
1178
1178
1178
1178
1178
1178
1237
1237
1239
709
709
709
709
709
1059
1059
1059
1059
1059
1059
1059
1059
1059
1059
1059
1059
1138
1138
1138
1138
1179
1179
1179
1179
1179
1179
1179
1179
1179
1179
1179
1179
1179
1179
1238
1238
1238
1238
1238
1238
1238
1238
1238
1238
1238
1240
710
710
1060
1060
1060
1139
1139
1139
1180
1180
1180
1180
1180
1180
1180
1180
1180
1180
1180
1180
1180
1180
1180
1241
1241
1241
711
711
711
711
1061
1061
1061
1061
1061
1061
1140
1140
1140
1140
1140
1140
1140
1140
1181
1181
1181
1181
1181
1181
1181
1181
1181
1181
1181
1181
1181
1181
1181
1181
1181
1181
1181
1242
1242
1242
1248
1248
712
712
712
712
712
712
712
712
712
712
712
712
712
712
712
712
712
712
712
712
1062
1141
1141
1141
1141
1141
1141
1141
1141
1141
1182
1182
1182
1182
1182
1182
1182
1182
1182
1182
1182
1182
1182
1182
1182
1243
1249
1249
1251
713
713
1063
1142
1142
1142
1142
1142
1142
1142
1142
1142
1142
1142
1142
1142
1183
1183
1183
1183
1183
1183
1183
1183
1183
1183
1183
1183
1183
1183
1183
1183
1183
1183
1183
1183
1183
1183
1183
1183
1183
1183
1183
1183
1183
1183
1183
1183
1183
1183
1183
1183
1183
1183
1183
1183
1183
1183
1244
1244
1244
1244
1244
1244
1250
1250
1250
1250
1250
1250
1250
1250
1252
714
714
714
714
714
714
714
714
714
714
714
714
714
1064
1064
1143
1143
1143
1143
1184
1184
1184
1184
1184
1184
1184
1184
1184
1184
1184
1184
1184
1184
1184
1184
1184
1184
1184
1184
1184
1184
1184
1184
1184
1184
1184
1184
1184
1184
1184
1184
1184
1184
1184
1184
1184
1184
1184
1184
1184
1184
1184
1184
1184
1184
1184
1184
1184
1184
1245
1253
1253
1253
1253
1253
1253
1253
1253
715
715
715
715
715
715
715
715
715
715
715
715
715
715
715
715
1065
1065
1065
1065
1065
1144
1144
1144
1144
1185
1185
1185
1185
1185
1185
1185
1185
1185
1185
1185
1185
1185
1185
1185
1185
1185
1185
1185
1185
1185
1185
1185
1185
1185
1185
1185
1185
1185
1185
1185
1185
1185
1185
1185
1185
1185
1185
1185
1185
1185
1185
1185
1185
1185
1185
1185
1185
1185
1185
1185
1185
1185
1185
1185
1185
1246
1254
716
716
716
716
716
716
716
716
716
716
716
716
716
716
716
716
716
716
716
1066
1066
1066
1066
1066
1066
1066
1066
1066
1066
1145
1145
1186
1186
1186
1186
1186
1186
1186
1186
1186
1186
1186
1186
1186
1186
1186
1186
1186
1186
1186
1186
1186
1186
1186
1186
1186
1186
1186
1186
1186
1186
1186
1186
1186
1186
1186
1186
1186
1186
1186
1186
1186
1247
1255
717
717
717
717
717
717
717
717
717
717
717
717
717
1067
1067
1146
1146
1146
1146
1146
1146
1146
1146
1187
1187
1187
1187
1187
1187
1187
1187
1187
1187
1187
1187
1256
1256
1256
1256
1256
1256
1256
1256
1068
1147
1147
1147
1147
1147
1188
1188
1188
1188
1188
1188
1188
1188
1188
1188
1188
1188
1188
1188
1188
1188
1188
1188
1188
1188
1188
1188
1257
1257
1257
1257
1257
1257
1261
1069
1069
1069
1148
1148
1148
1148
1148
1148
1148
1189
1189
1189
1189
1189
1189
1189
1189
1189
1189
1189
1189
1189
1189
1189
1189
1189
1189
1189
1258
1258
1258
1258
1258
1258
1258
1258
1262
1070
1070
1149
1149
1149
1149
1190
1190
1190
1190
1259
1259
1259
1259
1259
1259
1259
1259
1259
1259
1259
1259
1259
1259
1259
1259
1259
1259
1259
1259
1263
1265
1265
1265
1265
1071
1071
1071
1071
1150
1150
1150
1150
1150
1150
1191
1191
1191
1191
1191
1191
1191
1191
1191
1260
1260
1260
1260
1260
1260
1260
1260
1260
1260
1260
1260
1260
1260
1260
1260
1264
1266
1072
1072
1151
1151
1151
1151
1151
1151
1151
1151
1151
1151
1151
1151
1151
1151
1192
1192
1192
1192
1192
1192
1192
1192
1192
1192
1192
1192
1192
1192
1192
1192
1192
1192
1267
1073
1073
1073
1073
1073
1073
1073
1152
1152
1152
1152
1193
1193
1193
1193
1193
1193
1193
1193
1193
1193
1193
1193
1193
1193
1193
1193
1193
1193
1193
1193
1193
1193
1193
1193
1193
1193
1193
1193
1193
1193
1193
1193
1193
1193
1193
1193
1193
1193
1193
1193
1193
1193
1193
1193
1193
1193
1193
1193
1193
1193
1193
1193
1193
1193
1193
1193
1193
1193
1193
1193
1193
1193
1193
1193
1193
1193
1193
1193
1193
1193
1193
1193
1193
1193
1193
1193
1193
1193
1193
1193
1193
1193
1193
1193
1193
1193
1193
1193
1193
1193
1193
1193
1193
1193
1193
1193
1193
1193
1193
1193
1193
1193
1193
1193
1193
1193
1193
1193
1193
1193
1193
1193
1193
1193
1193
1193
1193
1193
1193
1193
1193
1193
1193
1193
1193
1193
1193
1193
1193
1193
1193
1193
1193
1193
1193
1193
1193
1193
1193
1193
1193
1193
1193
1193
1193
1193
1193
1193
1193
1193
1193
1193
1193
1193
1193
1193
1193
1193
1193
1193
1193
1193
1193
1193
1193
1193
1193
1193
1193
1193
1193
1193
1193
1193
1193
1193
1193
1193
1193
1193
1193
1193
1268
1074
1074
1074
1153
1153
1153
1153
1194
1194
1194
1194
1194
1194
1194
1194
1194
1194
1194
1194
1194
1269
1075
1154
1154
1154
1154
1154
1154
1154
1154
1154
1195
1195
1195
1195
1195
1195
1195
1195
1195
1195
1195
1195
1195
1195
1195
1195
1195
1195
1195
1195
1195
1195
1195
1195
1195
1195
1195
1195
1195
1195
1195
1195
1195
1195
1195
1195
1195
1195
1195
1195
1195
1195
1195
1195
1195
1195
1195
1195
1195
1195
1195
1195
1195
1195
1195
1195
1195
1195
1195
1195
1195
1195
1195
1195
1195
1195
1195
1195
1195
1195
1195
1195
1195
1195
1195
1195
1195
1195
1195
1195
1195
1195
1195
1195
1195
1195
1195
1195
1195
1195
1195
1195
1195
1195
1195
1195
1195
1195
1195
1195
1195
1195
1195
1195
1195
1195
1195
1195
1195
1195
1195
1195
1195
1195
1195
1195
1195
1195
1195
1195
1195
1195
1195
1195
1195
1195
1195
1195
1195
1195
1195
1195
1195
1195
1195
1195
1195
1195
1195
1195
1195
1195
1195
1195
1195
1195
1195
1195
1195
1195
1195
1195
1195
1195
1195
1195
1195
1195
1195
1195
1195
1270
1076
1076
1076
1076
1076
1076
1076
1155
1155
1155
1155
1155
1155
1155
1155
1196
1196
1196
1196
1196
1196
1196
1196
1196
1196
1196
1196
1196
1196
1196
1196
1196
1196
1196
1196
1196
1196
1196
1196
1196
1196
1196
1196
1196
1196
1196
1196
1196
1196
1196
1196
1196
1196
1196
1196
1196
1196
1271
1077
1077
1156
1156
1156
1156
1156
1197
1197
1272
1272
1272
1272
1272
1272
1272
1272
1272
1078
1078
1078
1157
1157
1157
1157
1157
1157
1157
1198
1198
1198
1198
1198
1198
1198
1198
1198
1198
1198
1198
1198
1198
1198
1198
1198
1198
1198
1198
1198
1198
1198
1198
1198
1198
1198
1198
1198
1198
1198
1198
1198
1198
1198
1198
1198
1198
1198
1198
1198
1198
1273
1273
1273
1273
1273
1273
1273
1273
1273
1277
1277
1079
1079
1158
1158
1158
1158
1158
1199
1199
1199
1199
1199
1199
1199
1199
1274
1274
1274
1274
1274
1274
1278
1080
1080
1080
1159
1159
1159
1159
1159
1159
1159
1159
1200
1200
1200
1200
1200
1200
1200
1200
1200
1200
1200
1200
1200
1200
1200
1200
1200
1200
1200
1200
1200
1275
1275
1279
1314
1081
1081
1081
1160
1160
1160
1160
1201
1201
1201
1201
1201
1201
1201
1201
1201
1201
1201
1201
1201
1201
1201
1201
1201
1201
1201
1201
1201
1201
1201
1201
1201
1201
1201
1201
1201
1201
1201
1201
1201
1201
1201
1201
1201
1201
1201
1201
1201
1201
1201
1201
1201
1201
1201
1201
1201
1201
1201
1201
1201
1201
1201
1201
1201
1201
1201
1201
1201
1201
1201
1201
1201
1201
1201
1201
1201
1276
1276
1276
1276
1276
1276
1276
1276
1276
1276
1276
1276
1276
1276
1280
1315
1316
1316
1316
1316
1316
1316
1316
1082
1082
1082
1082
1161
1161
1161
1161
1161
1281
1317
1317
1317
1317
1317
1317
1317
1317
1317
1329
1329
1083
1282
1318
1318
1318
1318
1318
1330
1340
1084
1084
1084
1283
1319
1319
1319
1319
1319
1319
1319
1319
1319
1319
1319
1331
1341
1341
1085
1085
1085
1284
1320
1320
1320
1320
1320
1320
1320
1332
1332
1342
1342
1342
1342
1342
1342
1342
1086
1086
1086
1285
1321
1321
1321
1321
1333
1333
1333
1333
1333
1343
1343
1343
1343
1343
1343
1343
1343
1343
1343
1343
1087
1286
1322
1322
1322
1322
1322
1322
1322
1334
1344
1344
1344
1344
1344
1344
1344
1344
1344
1344
1344
1344
1344
1344
1344
1344
1344
1344
1344
1344
1344
1344
1344
1344
1344
1344
1344
1344
1344
1344
1344
1344
1344
1344
1344
1344
1344
1344
1344
1344
1344
1344
1344
1344
1344
1344
1350
1350
1350
1350
1350
1350
1350
1350
1350
1350
1350
1350
1350
1350
1350
1350
1088
1287
1323
1323
1323
1323
1323
1323
1323
1335
1345
1345
1345
1345
1345
1345
1345
1345
1345
1345
1345
1345
1345
1345
1345
1345
1345
1345
1345
1345
1345
1345
1345
1345
1345
1345
1345
1345
1345
1345
1351
1351
1351
1351
1351
1351
1443
1443
1443
1089
1089
1089
1089
1089
1089
1089
1089
1089
1089
1089
1089
1089
1089
1089
1089
1089
1089
1089
1089
1089
1089
1089
1089
1288
1324
1324
1324
1324
1324
1324
1324
1336
1336
1336
1346
1346
1346
1346
1352
1352
1352
1352
1352
1444
1090
1090
1289
1325
1325
1325
1325
1325
1325
1325
1325
1325
1337
1347
1347
1347
1347
1347
1347
1347
1347
1347
1347
1347
1347
1347
1347
1347
1347
1347
1347
1347
1347
1347
1347
1347
1347
1347
1347
1347
1347
1347
1347
1347
1347
1347
1347
1347
1347
1347
1347
1353
1353
1353
1353
1445
1091
1091
1290
1326
1326
1326
1326
1326
1326
1326
1326
1326
1326
1326
1326
1326
1326
1326
1326
1326
1326
1326
1326
1326
1326
1338
1348
1348
1348
1348
1348
1348
1348
1348
1348
1348
1348
1348
1348
1348
1348
1348
1348
1348
1348
1348
1348
1348
1348
1348
1348
1348
1348
1348
1348
1348
1348
1348
1348
1348
1348
1348
1348
1348
1348
1348
1348
1348
1348
1348
1348
1348
1348
1348
1348
1348
1348
1348
1348
1348
1348
1348
1348
1348
1348
1348
1348
1348
1348
1348
1348
1348
1348
1348
1348
1348
1348
1348
1348
1348
1348
1348
1348
1348
1348
1348
1348
1348
1354
1354
1354
1354
1354
1354
1354
1354
1354
1354
1354
1354
1354
1354
1354
1354
1354
1354
1354
1446
1446
1446
1446
1446
1446
1457
1457
1457
1092
1092
1092
1092
1092
1092
1092
1092
1092
1092
1092
1092
1092
1092
1092
1291
1327
1327
1327
1327
1327
1327
1327
1327
1327
1327
1327
1339
1339
1349
1349
1349
1349
1349
1349
1349
1349
1349
1349
1349
1349
1349
1349
1349
1349
1349
1349
1349
1349
1349
1349
1349
1349
1349
1349
1349
1349
1349
1349
1349
1349
1349
1349
1349
1349
1349
1349
1349
1349
1349
1349
1349
1349
1349
1349
1349
1349
1349
1349
1349
1349
1349
1349
1349
1349
1349
1349
1349
1349
1349
1349
1349
1349
1349
1349
1349
1349
1349
1349
1349
1349
1349
1349
1349
1349
1349
1349
1349
1349
1349
1349
1349
1349
1349
1349
1349
1349
1349
1349
1355
1355
1355
1355
1355
1355
1355
1447
1447
1447
1447
1447
1447
1458
1458
1458
1458
1458
1458
1458
1093
1093
1093
1093
1093
1093
1093
1093
1093
1093
1093
1093
1093
1093
1093
1093
1093
1292
1328
1328
1356
1356
1356
1356
1448
1459
1094
1094
1094
1293
1357
1357
1357
1357
1357
1449
1449
1460
1460
1460
1460
1460
1460
1460
1460
1460
1460
1460
1460
1474
1474
1095
1095
1095
1095
1095
1294
1358
1358
1358
1358
1358
1358
1450
1461
1461
1461
1461
1461
1461
1461
1461
1475
1487
1487
1487
1487
1487
1487
1487
1487
1487
1487
1487
1487
1487
1487
1487
1487
1487
1487
1487
1487
1487
1487
1487
1487
1487
1295
1359
1359
1359
1359
1359
1359
1359
1359
1359
1359
1359
1359
1451
1451
1451
1462
1462
1462
1462
1462
1462
1462
1462
1462
1462
1476
1476
1488
1488
1488
1488
1513
1513
1513
1513
1513
1513
1513
1513
1513
1513
1513
1296
1360
1360
1360
1360
1360
1360
1360
1360
1360
1452
1452
1463
1463
1463
1463
1463
1463
1463
1477
1489
1489
1514
1514
1514
1514
1514
1514
1514
1514
1514
1514
1535
1297
1361
1361
1361
1361
1361
1361
1361
1361
1361
1361
1361
1361
1453
1453
1464
1464
1464
1464
1464
1464
1464
1478
1478
1478
1478
1478
1478
1478
1478
1478
1490
1490
1490
1490
1490
1490
1490
1490
1490
1490
1490
1515
1515
1515
1515
1515
1515
1515
1515
1515
1536
1298
1298
1362
1362
1362
1362
1362
1362
1362
1362
1362
1362
1362
1454
1454
1465
1465
1465
1465
1465
1465
1465
1479
1479
1479
1479
1479
1491
1491
1516
1516
1516
1537
1537
1549
1299
1363
1363
1363
1363
1363
1363
1455
1466
1466
1466
1466
1466
1466
1466
1466
1466
1466
1466
1466
1480
1480
1480
1480
1480
1492
1492
1492
1492
1492
1492
1492
1492
1492
1492
1492
1492
1492
1492
1492
1492
1492
1492
1492
1492
1492
1517
1517
1517
1517
1517
1517
1517
1517
1517
1538
1550
1300
1364
1364
1456
1456
1456
1456
1456
1467
1467
1467
1467
1467
1481
1481
1481
1481
1481
1481
1481
1481
1481
1493
1493
1493
1493
1518
1518
1518
1539
1539
1551
1551
1551
1551
1551
1551
1551
1551
1551
1551
1551
1551
1551
1551
1551
1551
1551
1551
1551
1551
1551
1551
1551
1551
1551
1551
1551
1551
1551
1551
1551
1551
1551
1551
1551
1551
1551
1551
1551
1301
1365
1365
1365
1468
1468
1468
1468
1468
1482
1482
1494
1494
1494
1494
1494
1494
1494
1494
1494
1494
1494
1494
1494
1494
1494
1494
1494
1494
1494
1494
1519
1519
1519
1519
1519
1519
1519
1519
1519
1540
1552
1552
1552
1302
1366
1366
1366
1366
1366
1366
1469
1469
1469
1469
1469
1469
1469
1483
1483
1483
1495
1495
1495
1520
1520
1520
1520
1520
1520
1520
1520
1520
1520
1520
1541
1541
1541
1541
1541
1553
1303
1367
1367
1367
1367
1367
1367
1367
1367
1470
1470
1470
1470
1470
1470
1470
1470
1470
1470
1470
1484
1484
1484
1484
1484
1484
1484
1484
1484
1484
1484
1484
1484
1496
1496
1496
1496
1496
1496
1496
1496
1496
1496
1521
1521
1521
1521
1521
1521
1542
1554
1304
1368
1368
1471
1471
1471
1471
1471
1471
1471
1471
1471
1471
1485
1485
1485
1497
1497
1497
1522
1522
1522
1522
1543
1555
1555
1571
1571
1305
1369
1369
1369
1369
1369
1369
1369
1472
1472
1472
1472
1472
1472
1472
1472
1486
1486
1486
1486
1486
1486
1486
1486
1498
1498
1498
1498
1498
1498
1498
1498
1498
1498
1498
1498
1523
1523
1523
1523
1523
1523
1523
1523
1523
1523
1523
1523
1523
1523
1523
1544
1544
1544
1544
1556
1556
1556
1306
1370
1370
1370
1370
1370
1370
1370
1473
1473
1473
1473
1473
1473
1499
1499
1499
1499
1524
1524
1524
1524
1524
1524
1524
1524
1524
1545
1557
1557
1573
1573
1573
1573
1573
1573
1307
1371
1371
1371
1371
1371
1371
1371
1500
1500
1500
1525
1525
1525
1525
1525
1525
1525
1546
1558
1558
1574
1574
1574
1574
1308
1372
1372
1501
1526
1526
1526
1526
1526
1526
1526
1526
1526
1526
1526
1526
1526
1526
1526
1526
1526
1526
1526
1526
1526
1526
1547
1547
1547
1547
1547
1559
1575
1575
1309
1373
1373
1373
1502
1502
1502
1502
1502
1502
1502
1502
1502
1502
1502
1502
1502
1502
1502
1527
1527
1527
1527
1527
1527
1527
1527
1527
1548
1548
1548
1560
1560
1560
1560
1576
1576
1576
1576
1310
1374
1374
1374
1374
1374
1374
1374
1503
1503
1528
1528
1528
1528
1528
1528
1528
1528
1528
1528
1528
1528
1528
1528
1528
1528
1528
1528
1528
1528
1528
1528
1528
1528
1528
1528
1528
1528
1528
1528
1528
1528
1528
1528
1528
1528
1528
1528
1528
1528
1528
1528
1528
1528
1528
1528
1528
1528
1528
1528
1528
1528
1528
1528
1528
1528
1528
1528
1528
1528
1528
1528
1528
1528
1528
1528
1528
1528
1528
1528
1528
1528
1528
1528
1528
1528
1528
1528
1528
1528
1528
1561
1577
1577
1577
1577
1311
1375
1375
1375
1375
1375
1375
1375
1504
1504
1504
1504
1504
1504
1529
1529
1529
1529
1529
1529
1529
1529
1529
1529
1562
1562
1578
1578
1312
1376
1376
1376
1376
1376
1376
1376
1376
1376
1505
1505
1505
1505
1505
1505
1505
1530
1530
1530
1530
1530
1530
1530
1530
1530
1563
1563
1563
1579
1313
1377
1377
1506
1506
1506
1506
1506
1506
1506
1506
1531
1531
1531
1531
1564
1564
1564
1564
1580
1378
1378
1378
1378
1378
1507
1507
1507
1507
1507
1507
1507
1532
1532
1532
1532
1532
1532
1532
1532
1532
1532
1565
1581
1581
1581
1581
1581
1581
1379
1379
1379
1508
1508
1508
1508
1508
1533
1533
1533
1533
1533
1533
1533
1533
1566
1582
1582
1582
1380
1380
1380
1380
1380
1509
1509
1509
1509
1509
1509
1509
1534
1534
1534
1534
1534
1534
1534
1534
1534
1534
1534
1534
1534
1534
1534
1534
1534
1534
1534
1534
1534
1534
1534
1534
1534
1534
1567
1583
1381
1381
1381
1381
1510
1510
1510
1510
1510
1510
1510
1510
1510
1510
1510
1510
1510
1568
1584
1584
1584
1584
1382
1382
1382
1511
1511
1511
1511
1569
1585
1585
1383
1383
1383
1383
1383
1383
1383
1383
1512
1512
1512
1512
1512
1512
1512
1512
1512
1512
1512
1512
1512
1512
1512
1512
1512
1512
1512
1512
1512
1512
1512
1570
1586
1586
1586
1384
1384
1384
1384
1384
1384
1384
1384
1587
1587
1587
1385
1385
1385
1385
1385
1385
1385
1588
1386
1386
1386
1386
1589
1589
1589
1589
1590
1388
1591
1591
1389
1389
1389
1389
1389
1389
1389
1389
1592
1592
1592
1592
1592
1592
1390
1390
1390
1593
1593
1391
1391
1391
1391
1594
1594
1594
1594
1594
1594
1594
1594
1594
1392
1392
1392
1392
1392
1392
1595
1595
1393
1393
1393
1393
1393
1393
1393
1596
1596
1394
1394
1394
1394
1394
1394
1394
1394
1597
1597
1597
1597
1597
1395
1395
1395
1395
1395
1395
1395
1395
1395
1598
1598
1598
1598
1598
1598
1598
1598
1396
1599
1397
1397
1397
1397
1600
1600
1600
1398
1398
1601
1601
1399
1399
1399
1399
1399
1399
1399
1602
1602
1400
1400
1400
1400
1603
1603
1603
1603
1401
1401
1401
1604
1604
1402
1402
1402
1402
1402
1402
1402
1402
1605
1605
1403
1403
1403
1403
1403
1403
1403
1403
1403
1403
1606
1606
1606
1606
1606
1606
1606
1606
1606
1606
1404
1404
1404
1404
1607
1607
1607
1405
1405
1405
1405
1608
1406
1406
1406
1609
1609
1609
1407
1407
1407
1610
1408
1408
1408
1408
1409
1409
1409
1409
1409
1410
1410
1410
1410
1410
1410
1411
1411
1412
1412
1412
1412
1412
1413
1413
1414
1414
1414
1414
1414
1414
1414
1415
1415
1415
1415
1415
1415
1415
1415
1415
1415
1415
1415
1415
1415
1415
1416
1416
1416
1416
1416
1416
1416
1416
1416
1416
1416
1416
1417
1417
1417
1417
1417
1417
1417
1417
1418
1418
1419
1420
1420
1420
1420
1420
1420
1421
1421
1421
1421
1421
1422
1422
1422
1422
1422
1422
1422
1422
1422
1422
1423
1423
1423
1423
1423
1423
1423
1423
1424
1424
1424
1424
1424
1424
1424
1424
1424
1424
1424
1424
1424
1425
1425
1425
1425
1426
1426
1426
1426
1426
1426
1427
1427
1427
1427
1427
1428
1428
1428
1428
1429
1429
1429
1429
1429
1429
1429
1430
1430
1430
1431
1431
1431
1431
1432
1432
1432
1433
1433
1433
1434
1434
1435
1435
1435
1435
1435
1435
1435
1435
1435
1436
1436
1436
1436
1436
1436
1436
1436
1436
1436
1436
1436
1437
1437
1437
1437
1437
1437
1437
1438
1438
1438
1438
1438
1438
1439
1439
1439
1439
1440
1440
1440
1441
1441
1441
1441
1442
1442
1442
1442
1442
1442
1442
1442