0
0
0
0
0
0
0
0
0
0
0
0
0
0
0
0
0
0
0
0
0
0
0
0
0
0
0
0
0
0
0
0
0
0
0
0
0
0
0
0
0
0
0
0
0
0
0
0
0
0
0
0
0
0
0
0
0
0
0
0
0
0
0
0
0
0
0
0
0
0
0
0
0
0
0
0
0
0
1
1
1
1
1
1
1
1
1
1
0
1
1
1
1
1
1
1
1
1
1
1
1
1
1
1
2
5
5
5
7
8
10
11
12
15
16
17
18
19
20
21
21
21
21
21
21
23
23
24
28
29
30
30
31
32
33
34
35
36
37
38
38
38
38
38
38
38
41
42
42
42
43
45
46
47
48
50
51
53
55
56
57
58
59
60
60
62
63
64
65
65
65
65
65
65
65
65
66
67
68
69
69
69
69
69
69
69
69
70
70
70
70
70
70
70
70
70
70
70
70
70
70
70
70
70
70
70
71
72
73
73
73
74
74
74
74
74
74
74
75
77
78
78
78
78
78
78
78
78
78
78
78
78
78
78
78
78
78
78
78
78
78
78
79
80
81
81
81
81
81
81
81
81
81
81
81
81
81
81
81
81
81
81
81
82
83
83
85
89
89
89
89
89
89
91
92
93
95
96
96
98
99
99
99
99
99
100
101
102
103
104
105
106
108
109
110
111
113
114
115
116
118
119
119
119
120
121
123
124
124
125
126
127
128
129
130
131
135
137
138
138
139
140
142
145
150
152
152
154
156
157
158
159
160
162
163
164
165
166
167
167
167
168
169
172
173
174
176
177
177
177
177
177
178
179
179
179
180
181
182
183
184
185
187
187
187
187
187
189
189
189
189
189
189
189
189
189
189
189
189
189
189
189
189
189
189
189
189
189
189
189
189
189
189
189
189
189
189
189
189
189
191
191
191
191
191
191
191
191
191
191
191
191
191
193
194
195
197
199
201
202
204
204
204
207
209
210
211
212
213
214
215
216
217
217
217
217
217
217
217
217
217
217
217
217
217
217
217
217
217
217
217
217
217
217
217
217
217
217
217
217
217
217
217
217
217
217
217
217
217
217