0
1
2
3
4
5
6
7
8
9
10
11
12
13
14
15
16
17
18
19
20
21
22
23
24
25
26
27
28
29
30
31
32
33
34
35
36
37
38
39
40
41
42
43
44
45
46
47
48
49
50
51
52
53
54
55
56
57
58
59
60
61
62
63
64
65
66
67
68
69
70
71
72
73
74
75
76
77
78
79
80
81
82
83
84
85
86
87
88
89
90
91
92
93
94
95
96
97
98
99
100
101
102
103
104
123
124
125
138
139
148
149
150
187
188
189
190
191
192
193
194
195
196
197
198
202
206
211
250
253
268
269
275
276
277
278
279
280
281
284
286
287
288
289
290
291
345
346
348
350
352
359
360
361
363
375
376
393
395
396
397
398
448
450
451
468
469
470
471
472
473
474
475
476
477
478
479
480
481
482
483
484
485
486
487
488
489
493
494
495
496
497
498
499
500
501
502
503
504
505
506
507
508
509
510
511
512
513
514
515
516
522
523
524
525
526
527
528
553
606
627
628
634
635
636
637
638
639
640
641
642
643
644
645
646
654
668
670
701
706
707
710
718
719
720
721
722
723
724
725
726
727
728
729
730
731
732
733
734
735
736
737
738
739
742
743
757
772
781
785
787
790
793
815
816
817
825
828
832
843
844
845
846
847
848
849
850
851
852
853
855
856
865
867
868
869
894
895
896
897
899
914
920
929
932
933
935
936
937
938
939
940
941
942
943
944
975
996
997
998
999
1000
1006
1035
1119
1194
1206
1221
1225
1226
1227
1228
1229
1231
1232
1233
1234
1235
1236
1237
1238
1239
1240
1251
1252
1253
1255
1256
1257
1258
1259
1260
1261
1262
1263
1264
1265
1266
1267
1268
1269
1270
1272
1273
1274
1275
1276
1281
1282
1283
1284
1285
1286
1287
1288
1289
1290
1291
1292
1293
1294
1295
1296
1297
1298
1299
1300
1301
1302
1303
1304
1305
1306
1307
1308
1309
1310
1311
1312
1313
1316
1317
1318
1319
1320
1321
1322
1323
1324
1325
1326
1327
1328
1340
1341
1342
1373
1444
1457
1458
1474
1480
1482
1535
1549
1550
1551
1552
1553
1570
1571
1572
1573
1574
1575
1576
1577
1578
1579
1580
1581
1582
1583
1584
1585
1586
1587
1588
1589
1590
1591
1592
1593
1594
1595
1596
1597
1598
1599
1600
1601
1602
1603
1604
1605
1606
1607
1608
1609
1610